#
#
#  Percent Identity  Matrix - created by Clustal2.1 
#
#

     1: PaeM4         100.00   23.13   20.97   20.31   22.26   12.77   12.77   12.12   13.43   10.29   14.80   14.46   13.50   15.48    9.96   19.16    9.88   14.47   13.12    9.38   13.01   11.83
     2: Syringacin_M   23.13  100.00   27.97   29.30   31.15    2.50    2.50   11.86   16.67   12.20   12.96   14.71   11.45   11.43   11.56   10.22    9.60   10.83   13.33    8.13   11.02   10.53
     3: KpneM          20.97   27.97  100.00   45.56   45.96    7.32    7.32   11.67   18.03   14.94   12.27   13.24   11.98   14.08   17.24   15.56    6.82   11.72   13.28   13.33   14.75   10.53
     4: KpneM2         20.31   29.30   45.56  100.00   70.59   12.20   12.20   10.00   11.48   14.53    9.49    9.92    9.26   13.14   15.08   16.15   10.24   11.48   10.66    8.62    9.40   10.08
     5: KvarM          22.26   31.15   45.96   70.59  100.00   12.20   12.20   11.67   13.11   17.44   12.66   13.74   12.35   15.60   14.29   13.43    7.09   10.66    8.20   11.76    7.69    9.85
     6: Pyocin_L1      12.77    2.50    7.32   12.20   12.20  100.00   86.33   28.63   29.32   11.72   11.11    4.55   12.96    0.00   22.29   20.00   16.67   33.33   16.67   20.00    0.00   16.67
     7: Pyocin_L2      12.77    2.50    7.32   12.20   12.20   86.33  100.00   28.63   29.72   13.10   11.11    4.55   12.96    0.00   22.29   20.00   16.67   33.33   16.67   20.00    0.00   16.67
     8: LlpA_BW11M1    12.12   11.86   11.67   10.00   11.67   28.63   28.63  100.00   30.15   16.45    7.94    4.55   11.11   13.33   15.73   30.00   27.27   18.75   12.50   20.00   13.33   12.50
     9: Pyocin_L3      13.43   16.67   18.03   11.48   13.11   29.32   29.72   30.15  100.00   17.20   12.50    0.00   14.06   13.64   20.11    6.67   12.50   33.33   16.67    6.67   22.73   21.74
    10: Pyocin_S6      10.29   12.20   14.94   14.53   17.44   11.72   13.10   16.45   17.20  100.00   15.24   16.12   15.75   17.13   19.54   14.81   17.06   18.35   17.19   13.29   12.78   18.77
    11: Colicin_E7     14.80   12.96   12.27    9.49   12.66   11.11   11.11    7.94   12.50   15.24  100.00   67.83   77.00   28.92   25.00   13.31   13.31   17.24   20.61   14.77   16.60   17.48
    12: Colicin_E3     14.46   14.71   13.24    9.92   13.74    4.55    4.55    4.55    0.00   16.12   67.83  100.00   86.95   28.61   26.10   13.29   13.92   16.23   19.92   12.86   16.35   17.58
    13: Colicin_E2     13.50   11.45   11.98    9.26   12.35   12.96   12.96   11.11   14.06   15.75   77.00   86.95  100.00   31.10   25.63   12.50   14.42   17.62   21.37   13.92   16.60   19.63
    14: Colicin_B      15.48   11.43   14.08   13.14   15.60    0.00    0.00   13.33   13.64   17.13   28.92   28.61   31.10  100.00   70.85   19.90   20.33   28.33   28.71   24.50   40.38   39.23
    15: Colicin_D       9.96   11.56   17.24   15.08   14.29   22.29   22.29   15.73   20.11   19.54   25.00   26.10   25.63   70.85  100.00   13.35   14.77   13.26   14.98   17.83   18.12   19.90
    16: Colicin_E1     19.16   10.22   15.56   16.15   13.43   20.00   20.00   30.00    6.67   14.81   13.31   13.29   12.50   19.90   13.35  100.00   27.79   20.06   19.37   29.47   20.00   26.93
    17: Pyocin_S5       9.88    9.60    6.82   10.24    7.09   16.67   16.67   27.27   12.50   17.06   13.31   13.92   14.42   20.33   14.77   27.79  100.00   18.03   18.24   30.67   17.31   23.96
    18: KpneA          14.47   10.83   11.72   11.48   10.66   33.33   33.33   18.75   33.33   18.35   17.24   16.23   17.62   28.33   13.26   20.06   18.03  100.00   62.93   17.05   27.88   30.52
    19: KaerA          13.12   13.33   13.28   10.66    8.20   16.67   16.67   12.50   16.67   17.19   20.61   19.92   21.37   28.71   14.98   19.37   18.24   62.93  100.00   18.25   30.77   30.92
    20: KvarIa          9.38    8.13   13.33    8.62   11.76   20.00   20.00   20.00    6.67   13.29   14.77   12.86   13.92   24.50   17.83   29.47   30.67   17.05   18.25  100.00   17.44   33.42
    21: Colicin_N      13.01   11.02   14.75    9.40    7.69    0.00    0.00   13.33   22.73   12.78   16.60   16.35   16.60   40.38   18.12   20.00   17.31   27.88   30.77   17.44  100.00   37.76
    22: Colicin_A      11.83   10.53   10.53   10.08    9.85   16.67   16.67   12.50   21.74   18.77   17.48   17.58   19.63   39.23   19.90   26.93   23.96   30.52   30.92   33.42   37.76  100.00
