22
Pyocin_S5    0.000000 0.894737 0.869565 0.878906 0.880435 0.848806 0.873351 0.743961 0.895683 0.878676 0.887681 0.881526 0.863049 0.875502 0.801205 0.891566 0.833333 0.859438 0.885542 0.886719 0.872414 0.887550
PaeM4        0.894737 0.000000 0.880435 0.871094 0.793478 0.880117 0.880117 0.894737 0.823741 0.834559 0.826087 0.880117 0.900585 0.883041 0.880117 0.880117 0.888889 0.885965 0.877193 0.871094 0.896552 0.894737
LlpA_BW11M1  0.869565 0.880435 0.000000 0.769531 0.865942 0.873188 0.880435 0.876812 0.891304 0.897059 0.887681 0.873188 0.873188 0.858696 0.880435 0.869565 0.880435 0.884058 0.876812 0.769531 0.742754 0.891304
Pyocin_L1    0.878906 0.871094 0.769531 0.000000 0.894531 0.890625 0.890625 0.886719 0.886719 0.882812 0.882812 0.882812 0.886719 0.863281 0.878906 0.875000 0.871094 0.886719 0.867188 0.136719 0.750000 0.863281
Syringacin_M 0.880435 0.793478 0.865942 0.894531 0.000000 0.884058 0.884058 0.873188 0.775362 0.720588 0.739130 0.880435 0.887681 0.884058 0.891304 0.880435 0.880435 0.855072 0.869565 0.890625 0.884058 0.862319
KpneA        0.848806 0.880117 0.873188 0.890625 0.884058 0.000000 0.384615 0.851459 0.877698 0.867647 0.880435 0.870027 0.755968 0.875332 0.851459 0.864721 0.734748 0.763926 0.877984 0.863281 0.879310 0.880637
KaerA        0.873351 0.880117 0.880435 0.890625 0.884058 0.384615 0.000000 0.839050 0.884892 0.867647 0.865942 0.839050 0.722955 0.857520 0.868074 0.839050 0.738786 0.757256 0.865435 0.859375 0.868966 0.870712
KvarIa       0.743961 0.894737 0.876812 0.886719 0.873188 0.851459 0.839050 0.000000 0.892086 0.871324 0.884058 0.850242 0.842377 0.862319 0.768116 0.835749 0.717391 0.833333 0.862319 0.878906 0.886207 0.852657
KpneM        0.895683 0.823741 0.891304 0.886719 0.775362 0.877698 0.884892 0.892086 0.000000 0.573529 0.586957 0.877698 0.884892 0.888489 0.888489 0.888489 0.877698 0.863309 0.866906 0.886719 0.892086 0.870504
KpneM2       0.878676 0.834559 0.897059 0.882812 0.720588 0.867647 0.867647 0.871324 0.573529 0.000000 0.308824 0.875000 0.882353 0.878676 0.889706 0.878676 0.886029 0.882353 0.878676 0.886719 0.878676 0.886029
KvarM        0.887681 0.826087 0.887681 0.882812 0.739130 0.880435 0.865942 0.884058 0.586957 0.308824 0.000000 0.865942 0.873188 0.880435 0.862319 0.865942 0.876812 0.873188 0.873188 0.878906 0.884058 0.884058
Colicin_E3   0.881526 0.880117 0.873188 0.882812 0.880435 0.870027 0.839050 0.850242 0.877698 0.875000 0.865942 0.000000 0.865633 0.370236 0.881226 0.190563 0.856624 0.839530 0.852995 0.878906 0.872414 0.852995
Colicin_N    0.863049 0.900585 0.873188 0.886719 0.887681 0.755968 0.722955 0.842377 0.884892 0.882353 0.873188 0.865633 0.000000 0.855297 0.852713 0.868217 0.661499 0.677003 0.868217 0.878906 0.879310 0.896641
Colicin_E7   0.875502 0.883041 0.858696 0.863281 0.884058 0.875332 0.857520 0.862319 0.888489 0.878676 0.880435 0.370236 0.855297 0.000000 0.875479 0.234375 0.871528 0.833659 0.842014 0.863281 0.879310 0.889667
Colicin_E1   0.801205 0.880117 0.880435 0.878906 0.891304 0.851459 0.868074 0.768116 0.888489 0.889706 0.862319 0.881226 0.852713 0.875479 0.000000 0.877395 0.823755 0.859100 0.888889 0.886719 0.886207 0.877395
Colicin_E2   0.891566 0.880117 0.869565 0.875000 0.880435 0.864721 0.839050 0.835749 0.888489 0.878676 0.865942 0.190563 0.868217 0.234375 0.877395 0.000000 0.858864 0.827789 0.860585 0.878906 0.872414 0.894921
Colicin_A    0.833333 0.888889 0.880435 0.871094 0.880435 0.734748 0.738786 0.717391 0.877698 0.886029 0.876812 0.856624 0.661499 0.871528 0.823755 0.858864 0.000000 0.702544 0.876689 0.882812 0.882759 0.875657
Colicin_B    0.859438 0.885965 0.884058 0.886719 0.855072 0.763926 0.757256 0.833333 0.863309 0.882353 0.873188 0.839530 0.677003 0.833659 0.859100 0.827789 0.702544 0.000000 0.369863 0.882812 0.889655 0.902153
Colicin_D    0.885542 0.877193 0.876812 0.867188 0.869565 0.877984 0.865435 0.862319 0.866906 0.878676 0.873188 0.852995 0.868217 0.842014 0.888889 0.860585 0.876689 0.369863 0.000000 0.863281 0.886207 0.858144
Pyocin_L2    0.886719 0.871094 0.769531 0.136719 0.890625 0.863281 0.859375 0.878906 0.886719 0.886719 0.878906 0.878906 0.878906 0.863281 0.886719 0.878906 0.882812 0.882812 0.863281 0.000000 0.781250 0.867188
Pyocin_L3    0.872414 0.896552 0.742754 0.750000 0.884058 0.879310 0.868966 0.886207 0.892086 0.878676 0.884058 0.872414 0.879310 0.879310 0.886207 0.872414 0.882759 0.889655 0.886207 0.781250 0.000000 0.882759
Pyocin_S6    0.887550 0.894737 0.891304 0.863281 0.862319 0.880637 0.870712 0.852657 0.870504 0.886029 0.884058 0.852995 0.896641 0.889667 0.877395 0.894921 0.875657 0.902153 0.858144 0.867188 0.882759 0.000000
